
===== xl/worksheets/sheet1.xml =====
0
1
2 | 3 | 4 | 5 | 6 | 7
1 | 8 | 9 | 10
2 | 11 | 12
3 | 13 | 14
4 | 15 | 16
5 | 17 | 18 | 19
6 | 20 | 21
7 | 22 | 23
8 | 24 | 25
9 | 26 | 27
10 | 28 | 29
11 | 30 | 31 | 32
12 | 33 | 34
13 | 35 | 36
14 | 37 | 38
15 | 39 | 40
16 | 41 | 42
17 | 43 | 44
18 | 45 | 46
19 | 47 | 48
20 | 49 | 50 | 51
21 | 52 | 53
22 | 54 | 55
23 | 56 | 57
24 | 58 | 59
25 | 60 | 61
26 | 62 | 63 | 64
27 | 65 | 66
28 | 67 | 68
29 | 69 | 70
30 | 71 | 72
31 | 73 | 74 | 75
32 | 76 | 77
33 | 78 | 79
34 | 80 | 81
35 | 82 | 83 | 84
36 | 85 | 86
37 | 87 | 88
38 | 89 | 90
39 | 91 | 92
40 | 93 | 94
41 | 95 | 96
42 | 97 | 98 | 99
43 | 100 | 101
44 | 102 | 103
45 | 104 | 105
46 | 106 | 107
47 | 108 | 109 | 110
48 | 111 | 112
49 | 113 | 114
50 | 115 | 116
51 | 117 | 118
52 | 119 | 120 | 121
53 | 122 | 123
54 | 124 | 125
55 | 126 | 127 | 128
56 | 129 | 130
57 | 131 | 132
58 | 133 | 134
59 | 135 | 136
60 | 137 | 138
61 | 139 | 140
62 | 141 | 142
63 | 143 | 144

===== xl/worksheets/sheet2.xml =====
145
146
2 | 147 | 148 | 149 | 150 | 6
1 | 151 | 152 | 153 | 154
2 | 155 | 152 | 156 | 157
3
4
5
6
7
8
9
10
11
12
13
14
15
16
17
18
19
20
21
22

===== xl/worksheets/sheet3.xml =====
158
159
160
161
162
163
164
165
166
167
161
162
163
164
166
168
169
170
171
172
173
174